0 0
1 0
2 0
2 1
2 2
3 2
3 1
3 0
4 0
5 0
5 1
6 1
6 0
7 0
7 1
8 1
8 2
8 3
8 4
8 5
9 5
10 5
11 5
12 5
12 6
11 6
10 6
9 6
9 7
10 7
10 8
10 9
11 9
11 8
12 8
12 9
13 9
14 9
14 10
13 10
13 11
14 11
14 12
14 13
14 14
15 14
15 15
16 15
16 16
16 17
16 18
16 19
16 20
17 20
17 19
17 18
18 18
18 19
18 20
19 20
19 19
19 18
20 18
21 18
21 19
20 19
20 20
21 20
22 20
23 20
24 20
24 19
24 18
24 17
24 16
25 16
25 17
26 17
26 18
27 18
27 19
26 19
25 19
25 20
26 20
27 20
28 20
28 19
29 19
29 20
30 20
30 19
31 19
31 18
32 18
33 18
34 18
35 18
35 17
35 16
36 16
36 15
35 15
35 14
36 14
37 14
37 13
36 13
35 13
35 12
34 12
34 13
34 14
33 14
33 15
33 16
34 16
34 17
33 17
32 17
31 17
31 16
30 16
30 17
29 17
29 18
28 18
28 17
28 16
29 16
29 15
28 15
28 14
29 14
30 14
31 14
32 14
32 13
32 12
32 11
31 11
31 12
31 13
30 13
30 12
30 11
30 10
29 10
28 10
28 11
28 12
28 13
27 13
27 14
27 15
26 15
25 15
25 14
24 14
24 13
23 13
22 13
21 13
20 13
20 14
20 15
19 15
19 16
20 16
21 16
21 17
20 17
19 17
18 17
17 17
17 16
18 16
18 15
17 15
17 14
18 14
18 13
18 12
18 11
17 11
16 11
16 10
16 9
15 9
15 8
16 8
17 8
18 8
18 7
18 6
18 5
19 5
19 4
20 4
20 3
21 3
21 4
21 5
22 5
22 6
23 6
23 7
22 7
22 8
23 8
23 9
22 9
21 9
21 8
20 8
20 7
20 6
19 6
19 7
19 8
19 9
18 9
18 10
19 10
19 11
20 11
20 12
21 12
21 11
21 10
22 10
22 11
23 11
23 10
24 10
24 11
24 12
25 12
25 11
26 11
27 11
27 10
26 10
26 9
26 8
27 8
27 9
28 9
29 9
29 8
28 8
28 7
28 6
28 5
28 4
27 4
27 3
28 3
29 3
29 2
28 2
28 1
29 1
29 0
30 0
30 1
30 2
31 2
32 2
32 1
33 1
34 1
34 2
33 2
33 3
32 3
31 3
31 4
30 4
30 5
29 5
29 6
30 6
30 7
30 8
31 8
31 7
31 6
31 5
32 5
32 6
32 7
32 8
33 8
33 7
33 6
33 5
34 5
35 5
35 4
35 3
36 3
37 3
37 2
38 2
38 3
38 4
37 4
37 5
36 5
36 6
36 7
35 7
34 7
34 8
34 9
34 10
34 11
35 11
36 11
36 12
37 12
38 12
38 13
38 14
38 15
37 15
37 16
37 17
37 18
38 18
38 19
38 20
